loss0 = 0.2722769063311725
loss1 = 0.3343450122229272
loss2 = 0.32730475490241495
loss3 = 0.34411389216877974
